2.300000000000000000e+02 7.500000000000000000e+01
2.300000000000000000e+02 8.000000000000000000e+01
2.300000000000000000e+02 8.500000000000000000e+01
2.300000000000000000e+02 9.000000000000000000e+01
2.300000000000000000e+02 9.500000000000000000e+01
2.300000000000000000e+02 1.000000000000000000e+02
2.300000000000000000e+02 1.050000000000000000e+02
2.300000000000000000e+02 1.100000000000000000e+02
2.300000000000000000e+02 1.150000000000000000e+02
2.300000000000000000e+02 1.200000000000000000e+02
2.300000000000000000e+02 1.250000000000000000e+02
