2.600000000000000000e+02 4.000000000000000000e+01
2.550000000000000000e+02 4.000000000000000000e+01
2.350000000000000000e+02 4.000000000000000000e+01
2.300000000000000000e+02 4.000000000000000000e+01
2.200000000000000000e+02 4.000000000000000000e+01
1.800000000000000000e+02 4.000000000000000000e+01
1.700000000000000000e+02 4.000000000000000000e+01
1.650000000000000000e+02 4.000000000000000000e+01
1.400000000000000000e+02 4.000000000000000000e+01
1.150000000000000000e+02 4.000000000000000000e+01
6.000000000000000000e+01 4.000000000000000000e+01
4.000000000000000000e+01 4.000000000000000000e+01
2.000000000000000000e+01 4.000000000000000000e+01
